position: 
  x: -0.22426016922485872
  y: 0.7715677230902283
  z: 0.5499999991082034
orientation: 
  x: 3.175654133592224e-11
  y: 8.396939526713696e-13
  z: 0.6512828599582171
  w: 0.7588350521191318
---
